{
 "cells": [
  {
   "cell_type": "code",
   "execution_count": 10,
   "metadata": {},
   "outputs": [
    {
     "data": {
      "text/plain": [
       "True"
      ]
     },
     "execution_count": 10,
     "metadata": {},
     "output_type": "execute_result"
    }
   ],
   "source": [
    "import torch\n",
    "num_tokens = 16\n",
    "model_dim = 8\n",
    "x_input = 8\n",
    "torch.cuda.is_available()"
   ]
  },
  {
   "cell_type": "code",
   "execution_count": 11,
   "metadata": {},
   "outputs": [],
   "source": [
    "Q = (0.01 * torch.arange(0, x_input * model_dim, 1)).reshape(x_input, model_dim)\n",
    "K = (0.01 * torch.arange(0, x_input * model_dim, 1)).reshape(x_input, model_dim)\n",
    "V = (0.01 * torch.arange(0, x_input * model_dim, 1)).reshape(x_input, model_dim)"
   ]
  },
  {
   "cell_type": "code",
   "execution_count": null,
   "metadata": {},
   "outputs": [],
   "source": []
  },
  {
   "cell_type": "code",
   "execution_count": 12,
   "metadata": {},
   "outputs": [
    {
     "data": {
      "text/plain": [
       "tensor([[0.0000, 0.0100, 0.0200, 0.0300, 0.0400, 0.0500, 0.0600, 0.0700],\n",
       "        [0.0800, 0.0900, 0.1000, 0.1100, 0.1200, 0.1300, 0.1400, 0.1500],\n",
       "        [0.1600, 0.1700, 0.1800, 0.1900, 0.2000, 0.2100, 0.2200, 0.2300],\n",
       "        [0.2400, 0.2500, 0.2600, 0.2700, 0.2800, 0.2900, 0.3000, 0.3100],\n",
       "        [0.3200, 0.3300, 0.3400, 0.3500, 0.3600, 0.3700, 0.3800, 0.3900],\n",
       "        [0.4000, 0.4100, 0.4200, 0.4300, 0.4400, 0.4500, 0.4600, 0.4700],\n",
       "        [0.4800, 0.4900, 0.5000, 0.5100, 0.5200, 0.5300, 0.5400, 0.5500],\n",
       "        [0.5600, 0.5700, 0.5800, 0.5900, 0.6000, 0.6100, 0.6200, 0.6300]])"
      ]
     },
     "execution_count": 12,
     "metadata": {},
     "output_type": "execute_result"
    }
   ],
   "source": [
    "Q"
   ]
  },
  {
   "cell_type": "code",
   "execution_count": 14,
   "metadata": {},
   "outputs": [],
   "source": [
    "X = (0.01 * torch.arange(0, num_tokens * model_dim, 1)).reshape(num_tokens, model_dim)\n",
    "Q = torch.matmul(X, Q)\n",
    "K = torch.matmul(X, K)\n",
    "V = torch.matmul(X, V)\n",
    "S = torch.matmul(Q, K.T)"
   ]
  },
  {
   "cell_type": "code",
   "execution_count": 17,
   "metadata": {},
   "outputs": [
    {
     "data": {
      "text/plain": [
       "tensor([[0.1120, 0.1148, 0.1176, 0.1204, 0.1232, 0.1260, 0.1288, 0.1316],\n",
       "        [0.2912, 0.3004, 0.3096, 0.3188, 0.3280, 0.3372, 0.3464, 0.3556],\n",
       "        [0.4704, 0.4860, 0.5016, 0.5172, 0.5328, 0.5484, 0.5640, 0.5796],\n",
       "        [0.6496, 0.6716, 0.6936, 0.7156, 0.7376, 0.7596, 0.7816, 0.8036],\n",
       "        [0.8288, 0.8572, 0.8856, 0.9140, 0.9424, 0.9708, 0.9992, 1.0276],\n",
       "        [1.0080, 1.0428, 1.0776, 1.1124, 1.1472, 1.1820, 1.2168, 1.2516],\n",
       "        [1.1872, 1.2284, 1.2696, 1.3108, 1.3520, 1.3932, 1.4344, 1.4756],\n",
       "        [1.3664, 1.4140, 1.4616, 1.5092, 1.5568, 1.6044, 1.6520, 1.6996],\n",
       "        [1.5456, 1.5996, 1.6536, 1.7076, 1.7616, 1.8156, 1.8696, 1.9236],\n",
       "        [1.7248, 1.7852, 1.8456, 1.9060, 1.9664, 2.0268, 2.0872, 2.1476],\n",
       "        [1.9040, 1.9708, 2.0376, 2.1044, 2.1712, 2.2380, 2.3048, 2.3716],\n",
       "        [2.0832, 2.1564, 2.2296, 2.3028, 2.3760, 2.4492, 2.5224, 2.5956],\n",
       "        [2.2624, 2.3420, 2.4216, 2.5012, 2.5808, 2.6604, 2.7400, 2.8196],\n",
       "        [2.4416, 2.5276, 2.6136, 2.6996, 2.7856, 2.8716, 2.9576, 3.0436],\n",
       "        [2.6208, 2.7132, 2.8056, 2.8980, 2.9904, 3.0828, 3.1752, 3.2676],\n",
       "        [2.8000, 2.8988, 2.9976, 3.0964, 3.1952, 3.2940, 3.3928, 3.4916]])"
      ]
     },
     "execution_count": 17,
     "metadata": {},
     "output_type": "execute_result"
    }
   ],
   "source": [
    "V"
   ]
  },
  {
   "cell_type": "code",
   "execution_count": 8,
   "metadata": {},
   "outputs": [
    {
     "data": {
      "text/plain": [
       "(torch.Size([16, 8]),\n",
       " torch.Size([16, 8]),\n",
       " torch.Size([16, 8]),\n",
       " torch.Size([16, 8]))"
      ]
     },
     "execution_count": 8,
     "metadata": {},
     "output_type": "execute_result"
    }
   ],
   "source": [
    "Q.shape, K.shape, V.shape, X.shape"
   ]
  },
  {
   "cell_type": "code",
   "execution_count": 5,
   "metadata": {},
   "outputs": [
    {
     "data": {
      "text/plain": [
       "torch.Size([16, 16])"
      ]
     },
     "execution_count": 5,
     "metadata": {},
     "output_type": "execute_result"
    }
   ],
   "source": [
    "S.shape"
   ]
  },
  {
   "cell_type": "code",
   "execution_count": 6,
   "metadata": {},
   "outputs": [
    {
     "data": {
      "text/plain": [
       "tensor([[ 0.1190,  0.3162,  0.5134,  0.7106,  0.9078,  1.1050,  1.3022,  1.4994,\n",
       "          1.6965,  1.8937,  2.0909,  2.2881,  2.4853,  2.6825,  2.8797,  3.0769],\n",
       "        [ 0.3162,  0.8403,  1.3643,  1.8884,  2.4124,  2.9365,  3.4605,  3.9846,\n",
       "          4.5086,  5.0327,  5.5567,  6.0808,  6.6048,  7.1289,  7.6529,  8.1770],\n",
       "        [ 0.5134,  1.3643,  2.2152,  3.0661,  3.9170,  4.7680,  5.6189,  6.4698,\n",
       "          7.3207,  8.1716,  9.0225,  9.8734, 10.7244, 11.5753, 12.4262, 13.2771],\n",
       "        [ 0.7106,  1.8884,  3.0661,  4.2439,  5.4217,  6.5995,  7.7772,  8.9550,\n",
       "         10.1328, 11.3106, 12.4883, 13.6661, 14.8439, 16.0216, 17.1994, 18.3772],\n",
       "        [ 0.9078,  2.4124,  3.9170,  5.4217,  6.9263,  8.4310,  9.9356, 11.4402,\n",
       "         12.9449, 14.4495, 15.9541, 17.4588, 18.9634, 20.4680, 21.9727, 23.4773],\n",
       "        [ 1.1050,  2.9365,  4.7680,  6.5995,  8.4310, 10.2624, 12.0939, 13.9254,\n",
       "         15.7569, 17.5884, 19.4199, 21.2514, 23.0829, 24.9144, 26.7459, 28.5774],\n",
       "        [ 1.3022,  3.4605,  5.6189,  7.7772,  9.9356, 12.0939, 14.2523, 16.4107,\n",
       "         18.5690, 20.7274, 22.8857, 25.0441, 27.2024, 29.3608, 31.5191, 33.6775],\n",
       "        [ 1.4994,  3.9846,  6.4698,  8.9550, 11.4402, 13.9254, 16.4107, 18.8959,\n",
       "         21.3811, 23.8663, 26.3515, 28.8367, 31.3220, 33.8072, 36.2924, 38.7776],\n",
       "        [ 1.6965,  4.5086,  7.3207, 10.1328, 12.9449, 15.7569, 18.5690, 21.3811,\n",
       "         24.1932, 27.0052, 29.8173, 32.6294, 35.4415, 38.2536, 41.0656, 43.8777],\n",
       "        [ 1.8937,  5.0327,  8.1716, 11.3106, 14.4495, 17.5884, 20.7274, 23.8663,\n",
       "         27.0052, 30.1442, 33.2831, 36.4221, 39.5610, 42.6999, 45.8389, 48.9778],\n",
       "        [ 2.0909,  5.5567,  9.0225, 12.4883, 15.9541, 19.4199, 22.8857, 26.3515,\n",
       "         29.8173, 33.2831, 36.7489, 40.2147, 43.6805, 47.1463, 50.6121, 54.0779],\n",
       "        [ 2.2881,  6.0808,  9.8734, 13.6661, 17.4588, 21.2514, 25.0441, 28.8367,\n",
       "         32.6294, 36.4221, 40.2147, 44.0074, 47.8000, 51.5927, 55.3854, 59.1780],\n",
       "        [ 2.4853,  6.6048, 10.7244, 14.8439, 18.9634, 23.0829, 27.2024, 31.3220,\n",
       "         35.4415, 39.5610, 43.6805, 47.8000, 51.9196, 56.0391, 60.1586, 64.2781],\n",
       "        [ 2.6825,  7.1289, 11.5753, 16.0216, 20.4680, 24.9144, 29.3608, 33.8072,\n",
       "         38.2536, 42.6999, 47.1463, 51.5927, 56.0391, 60.4855, 64.9318, 69.3782],\n",
       "        [ 2.8797,  7.6529, 12.4262, 17.1994, 21.9727, 26.7459, 31.5191, 36.2924,\n",
       "         41.0656, 45.8389, 50.6121, 55.3854, 60.1586, 64.9318, 69.7051, 74.4783],\n",
       "        [ 3.0769,  8.1770, 13.2771, 18.3772, 23.4773, 28.5774, 33.6775, 38.7776,\n",
       "         43.8777, 48.9778, 54.0779, 59.1780, 64.2781, 69.3782, 74.4783, 79.5784]])"
      ]
     },
     "execution_count": 6,
     "metadata": {},
     "output_type": "execute_result"
    }
   ],
   "source": [
    "S"
   ]
  },
  {
   "cell_type": "code",
   "execution_count": 18,
   "metadata": {},
   "outputs": [
    {
     "name": "stderr",
     "output_type": "stream",
     "text": [
      "/tmp/ipykernel_16846/684408600.py:1: UserWarning: Implicit dimension choice for softmax has been deprecated. Change the call to include dim=X as an argument.\n",
      "  S = torch.nn.Softmax()(S)\n"
     ]
    }
   ],
   "source": [
    "S = torch.nn.Softmax()(S)\n",
    "O = torch.matmul(S, V)"
   ]
  },
  {
   "cell_type": "code",
   "execution_count": 19,
   "metadata": {},
   "outputs": [
    {
     "data": {
      "text/plain": [
       "tensor([[2.1056, 2.1796, 2.2536, 2.3276, 2.4016, 2.4756, 2.5496, 2.6236],\n",
       "        [2.5405, 2.6300, 2.7196, 2.8091, 2.8986, 2.9882, 3.0777, 3.1672],\n",
       "        [2.6664, 2.7605, 2.8545, 2.9485, 3.0426, 3.1366, 3.2306, 3.3247],\n",
       "        [2.7203, 2.8162, 2.9122, 3.0081, 3.1041, 3.2000, 3.2960, 3.3919],\n",
       "        [2.7488, 2.8458, 2.9428, 3.0398, 3.1367, 3.2337, 3.3307, 3.4276],\n",
       "        [2.7658, 2.8634, 2.9610, 3.0586, 3.1561, 3.2537, 3.3513, 3.4489],\n",
       "        [2.7766, 2.8746, 2.9725, 3.0705, 3.1685, 3.2664, 3.3644, 3.4623],\n",
       "        [2.7837, 2.8819, 2.9802, 3.0784, 3.1766, 3.2748, 3.3730, 3.4712],\n",
       "        [2.7885, 2.8869, 2.9853, 3.0837, 3.1821, 3.2805, 3.3789, 3.4773],\n",
       "        [2.7919, 2.8904, 2.9889, 3.0874, 3.1859, 3.2844, 3.3829, 3.4815],\n",
       "        [2.7942, 2.8928, 2.9914, 3.0900, 3.1886, 3.2872, 3.3858, 3.4844],\n",
       "        [2.7959, 2.8945, 2.9932, 3.0918, 3.1905, 3.2891, 3.3878, 3.4864],\n",
       "        [2.7970, 2.8957, 2.9944, 3.0931, 3.1918, 3.2905, 3.3892, 3.4879],\n",
       "        [2.7979, 2.8966, 2.9953, 3.0940, 3.1928, 3.2915, 3.3902, 3.4889],\n",
       "        [2.7985, 2.8972, 2.9960, 3.0947, 3.1935, 3.2922, 3.3909, 3.4897],\n",
       "        [2.7989, 2.8977, 2.9964, 3.0952, 3.1939, 3.2927, 3.3915, 3.4902]])"
      ]
     },
     "execution_count": 19,
     "metadata": {},
     "output_type": "execute_result"
    }
   ],
   "source": [
    "O"
   ]
  },
  {
   "cell_type": "code",
   "execution_count": null,
   "metadata": {},
   "outputs": [],
   "source": []
  }
 ],
 "metadata": {
  "kernelspec": {
   "display_name": "kkh38",
   "language": "python",
   "name": "python3"
  },
  "language_info": {
   "codemirror_mode": {
    "name": "ipython",
    "version": 3
   },
   "file_extension": ".py",
   "mimetype": "text/x-python",
   "name": "python",
   "nbconvert_exporter": "python",
   "pygments_lexer": "ipython3",
   "version": "3.8.13"
  }
 },
 "nbformat": 4,
 "nbformat_minor": 2
}
